Task: 4502 | User: hamza | Time: 2017-07-03 10:32:16.476611+00:00
Task: 4503 | User: hamza | Time: 2017-07-03 10:32:24.340327+00:00
